Num Events: 25000
Acceptance: egpb
Accuracy:0.3603674814274365
Precision: 0.9217017889022827
Recall: 0.11673379689455032

Eval: [0.21238839469457926, 0.9277131, 0.72569716, 0.5516892]